37.74293137 -122.4132919
-122.4132919 -122.4132919
37.8051796 -122.4285507
-122.4285507 -122.4285507
37.76792908 -122.4968338
-122.4968338 -122.4968338
37.73957062 -122.4412994
-122.4412994 -122.4412994
37.8051796 -122.4285507
-122.4285507 -122.4285507
37.76856995 -122.4987335
-122.4987335 -122.4987335
-122.4549026 -122.4549026
37.75579071 -122.4549026
37.81021881 -122.4276886
-122.4276886 -122.4276886
-122.4260864 -122.4260864
37.76887131 -122.4260864
37.77492905 -122.4190826
-122.4190826 -122.4190826
-122.4733963 -122.4733963
37.76755142 -122.4733963
-122.4285507 -122.4285507
37.8051796 -122.4285507
37.73836899 -122.4533997
-122.4533997 -122.4533997
-122.4979935 -122.4979935
37.76953125 -122.4979935
37.8051796 -122.4285507
-122.4285507 -122.4285507
37.76953125 -122.4979935
-122.4979935 -122.4979935
37.77492905 -122.4190826
-122.4190826 -122.4190826
37.8051796 -122.4285507
-122.4285507 -122.4285507
-122.4733963 -122.4733963
37.76755142 -122.4733963
37.73580933 -122.4796982
-122.4796982 -122.4796982
37.76871872 -122.50103
-122.50103 -122.50103
-122.468811 -122.468811
37.76758957 -122.468811
37.73957062 -122.4412994
-122.4412994 -122.4412994
37.77058029 -122.4746017
-122.4746017 -122.4746017
-122.4751587 -122.4751587
37.76860809 -122.4751587
37.76871872 -122.50103
-122.50103 -122.50103
-122.4285507 -122.4285507
37.8051796 -122.4285507
-122.4412994 -122.4412994
37.73957062 -122.4412994
37.76758957 -122.468811
-122.468811 -122.468811
-122.4412994 -122.4412994
37.73957062 -122.4412994
-122.4533997 -122.4533997
37.73836899 -122.4533997
-122.468811 -122.468811
37.76758957 -122.468811
37.73957062 -122.4412994
-122.4412994 -122.4412994
37.76670074 -122.4666977
-122.4666977 -122.4666977
-122.4979935 -122.4979935
37.76953125 -122.4979935
37.76953125 -122.4979935
-122.4979935 -122.4979935
37.73957062 -122.4412994
-122.4412994 -122.4412994
37.76953125 -122.4979935
-122.4979935 -122.4979935
37.76755142 -122.4733963
-122.4733963 -122.4733963
37.79650879 -122.4737091
-122.4737091 -122.4737091
37.76753998 -122.4996033
-122.4996033 -122.4996033
-122.50103 -122.50103
37.76871872 -122.50103
-122.4412994 -122.4412994
37.73957062 -122.4412994
37.73794937 -122.484169
-122.484169 -122.484169
-122.4285507 -122.4285507
37.8051796 -122.4285507
-122.50103 -122.50103
37.76871872 -122.50103
37.73957062 -122.4412994
-122.4412994 -122.4412994
-122.484169 -122.484169
37.73794937 -122.484169
37.8051796 -122.4285507
-122.4285507 -122.4285507
-122.4979935 -122.4979935
37.76953125 -122.4979935
37.79301834 -122.4555664
-122.4555664 -122.4555664
37.78844833 -122.4703369
-122.4703369 -122.4703369
-122.4713974 -122.4713974
37.76818848 -122.4713974
37.8051796 -122.4285507
-122.4285507 -122.4285507
-122.4979935 -122.4979935
37.76953125 -122.4979935
-122.4743271 -122.4743271
37.7709198 -122.4743271
-122.4652481 -122.4652481
37.77048874 -122.4652481
-122.4818726 -122.4818726
37.76757813 -122.4818726
-122.493103 -122.493103
37.72069931 -122.493103
37.76871872 -122.50103
-122.50103 -122.50103
-122.381073 -122.381073
37.71007919 -122.381073
-122.4818115 -122.4818115
37.77070999 -122.4818115
-122.4979935 -122.4979935
37.76953125 -122.4979935
37.8051796 -122.4285507
-122.4285507 -122.4285507
37.80759048 -122.4278107
-122.4278107 -122.4278107
-122.4733963 -122.4733963
37.76755142 -122.4733963
-122.4412994 -122.4412994
37.73957062 -122.4412994
37.76871872 -122.50103
-122.50103 -122.50103
-122.50103 -122.50103
37.76871872 -122.50103
37.73957062 -122.4412994
-122.4412994 -122.4412994
37.76860809 -122.4751587
-122.4751587 -122.4751587
-122.4737091 -122.4737091
37.79650879 -122.4737091
-122.4190826 -122.4190826
37.77492905 -122.4190826
37.76860809 -122.4751587
-122.4751587 -122.4751587
37.73957062 -122.4412994
-122.4412994 -122.4412994
-122.468811 -122.468811
37.76758957 -122.468811
-122.4733963 -122.4733963
37.76755142 -122.4733963
37.8051796 -122.4285507
-122.4285507 -122.4285507
37.7699585 -122.4740295
-122.4740295 -122.4740295
-122.4549026 -122.4549026
37.75579071 -122.4549026
37.71525955 -122.3916397
-122.3916397 -122.3916397
-122.4285507 -122.4285507
37.8051796 -122.4285507
37.76871872 -122.50103
-122.50103 -122.50103
37.76755142 -122.4733963
-122.4733963 -122.4733963
-122.4979935 -122.4979935
37.76953125 -122.4979935
-122.4850082 -122.4850082
37.73588181 -122.4850082
-122.4412994 -122.4412994
37.73957062 -122.4412994
-122.381073 -122.381073
37.71007919 -122.381073
-122.4744263 -122.4744263
37.80131149 -122.4744263
-122.4559784 -122.4559784
37.75865936 -122.4559784
37.73957062 -122.4412994
-122.4412994 -122.4412994
-122.4285507 -122.4285507
37.8051796 -122.4285507
37.73957062 -122.4412994
-122.4412994 -122.4412994
37.76953125 -122.4979935
-122.4979935 -122.4979935
37.76871872 -122.50103
-122.50103 -122.50103
37.76964951 -122.4841309
-122.4841309 -122.4841309
37.76401138 -122.4255219
-122.4255219 -122.4255219
37.76818848 -122.4713974
-122.4713974 -122.4713974
37.7701683 -122.4748611
-122.4748611 -122.4748611
-122.4979935 -122.4979935
37.76953125 -122.4979935
-122.4751587 -122.4751587
37.76860809 -122.4751587
-122.4979935 -122.4979935
37.76953125 -122.4979935
-122.4841309 -122.4841309
37.76964951 -122.4841309
-122.4979935 -122.4979935
37.76953125 -122.4979935
37.8051796 -122.4285507
-122.4285507 -122.4285507
-122.4540176 -122.4540176
37.80482101 -122.4540176
37.76818848 -122.4713974
-122.4713974 -122.4713974
37.73957062 -122.4412994
-122.4412994 -122.4412994
-122.4412994 -122.4412994
37.73957062 -122.4412994
37.76860809 -122.4751587
-122.4751587 -122.4751587
-122.4818726 -122.4818726
37.76757813 -122.4818726
-122.381073 -122.381073
37.71007919 -122.381073
-122.4412994 -122.4412994
37.73957062 -122.4412994
37.74639893 -122.4985886
-122.4985886 -122.4985886
37.76755142 -122.4733963
-122.4733963 -122.4733963
37.73957062 -122.4412994
-122.4412994 -122.4412994
-122.4412994 -122.4412994
37.73957062 -122.4412994
-122.4412994 -122.4412994
37.73957062 -122.4412994
-122.4979935 -122.4979935
37.76953125 -122.4979935
-122.4979935 -122.4979935
37.76953125 -122.4979935
-122.4744263 -122.4744263
37.80131149 -122.4744263
-122.4285507 -122.4285507
37.8051796 -122.4285507
-122.468811 -122.468811
37.76758957 -122.468811
37.73588181 -122.4850082
-122.4850082 -122.4850082
37.73588181 -122.4850082
-122.4850082 -122.4850082
37.76871872 -122.50103
-122.50103 -122.50103
37.76691818 -122.4700928
-122.4700928 -122.4700928
-122.5001297 -122.5001297
37.76908875 -122.5001297
-122.4841309 -122.4841309
37.76964951 -122.4841309
-122.468811 -122.468811
37.76758957 -122.468811
-122.4733963 -122.4733963
37.76755142 -122.4733963
37.80001831 -122.4740601
-122.4740601 -122.4740601
-122.4979935 -122.4979935
37.76953125 -122.4979935
37.73580933 -122.4796982
-122.4796982 -122.4796982
37.73957062 -122.4412994
-122.4412994 -122.4412994
-122.4412994 -122.4412994
37.73957062 -122.4412994
-122.4733963 -122.4733963
37.76755142 -122.4733963
-122.4841309 -122.4841309
37.76964951 -122.4841309
37.73957062 -122.4412994
-122.4412994 -122.4412994
37.76860809 -122.4751587
-122.4751587 -122.4751587
-122.4818726 -122.4818726
37.76757813 -122.4818726
-122.50103 -122.50103
37.76871872 -122.50103
37.72069931 -122.493103
-122.493103 -122.493103
-122.4818726 -122.4818726
37.76757813 -122.4818726
-122.4412994 -122.4412994
37.73957062 -122.4412994
37.76953125 -122.4979935
-122.4979935 -122.4979935
37.76757813 -122.4818726
-122.4818726 -122.4818726
37.79262924 -122.4534607
-122.4534607 -122.4534607
-122.4285507 -122.4285507
37.8051796 -122.4285507
37.76871872 -122.50103
-122.50103 -122.50103
37.73588181 -122.4850082
-122.4850082 -122.4850082
-122.4979935 -122.4979935
37.76953125 -122.4979935
-122.4285507 -122.4285507
37.8051796 -122.4285507
-122.4412994 -122.4412994
37.73957062 -122.4412994
37.73957062 -122.4412994
-122.4412994 -122.4412994
37.76953125 -122.4979935
-122.4979935 -122.4979935
-122.4979935 -122.4979935
37.76953125 -122.4979935
-122.4979935 -122.4979935
37.76953125 -122.4979935
37.74982071 -122.4835663
-122.4835663 -122.4835663
37.80598068 -122.4268723
-122.4268723 -122.4268723
-122.4737167 -122.4737167
37.79904938 -122.4737167
-122.4840393 -122.4840393
37.80311966 -122.4840393
-122.4412994 -122.4412994
37.73957062 -122.4412994
-122.4533997 -122.4533997
37.73836899 -122.4533997
37.73957062 -122.4412994
-122.4412994 -122.4412994
37.76860809 -122.4751587
-122.4751587 -122.4751587
37.7940712 -122.4541931
-122.4541931 -122.4541931
-122.470047 -122.470047
37.76926041 -122.470047
37.76860809 -122.4751587
-122.4751587 -122.4751587
37.76926041 -122.470047
-122.470047 -122.470047
-122.4274673 -122.4274673
37.80722046 -122.4274673
-122.4412994 -122.4412994
37.73957062 -122.4412994
-122.4285507 -122.4285507
37.8051796 -122.4285507
37.71007919 -122.381073
-122.381073 -122.381073
37.76953125 -122.4979935
-122.4979935 -122.4979935
37.76860809 -122.4751587
-122.4751587 -122.4751587
37.76844025 -122.4985123
-122.4985123 -122.4985123
37.79301834 -122.4555664
-122.4555664 -122.4555664
37.73957062 -122.4412994
-122.4412994 -122.4412994
-122.4979935 -122.4979935
37.76953125 -122.4979935
-122.4285507 -122.4285507
37.8051796 -122.4285507
37.77492905 -122.4190826
-122.4190826 -122.4190826
37.8051796 -122.4285507
-122.4285507 -122.4285507
-122.4412994 -122.4412994
37.73957062 -122.4412994
-122.4850082 -122.4850082
37.73588181 -122.4850082
-122.4285507 -122.4285507
37.8051796 -122.4285507
37.8051796 -122.4285507
-122.4285507 -122.4285507
-122.4968338 -122.4968338
37.76792908 -122.4968338
-122.4841309 -122.4841309
37.76964951 -122.4841309
37.76755142 -122.4733963
-122.4733963 -122.4733963
-122.4251022 -122.4251022
37.77524948 -122.4251022
37.79650879 -122.4737091
-122.4737091 -122.4737091
-122.4979935 -122.4979935
37.76953125 -122.4979935
37.71525955 -122.3916397
-122.3916397 -122.3916397
37.76755142 -122.4733963
-122.4733963 -122.4733963
-122.50103 -122.50103
37.76871872 -122.50103
-122.4979935 -122.4979935
37.76953125 -122.4979935
-122.4979935 -122.4979935
37.76953125 -122.4979935
-122.4751511 -122.4751511
37.76869965 -122.4751511
-122.4818726 -122.4818726
37.76757813 -122.4818726
-122.4733963 -122.4733963
37.76755142 -122.4733963
-122.4412994 -122.4412994
37.73957062 -122.4412994
-122.4285507 -122.4285507
37.8051796 -122.4285507
-122.4190826 -122.4190826
37.77492905 -122.4190826
37.8051796 -122.4285507
-122.4285507 -122.4285507
-122.4412994 -122.4412994
37.73957062 -122.4412994
-122.4247284 -122.4247284
37.80717087 -122.4247284
37.73588181 -122.4850082
-122.4850082 -122.4850082
-122.484169 -122.484169
37.73794937 -122.484169
-122.4132919 -122.4132919
37.74293137 -122.4132919
37.72803879 -122.4937973
-122.4937973 -122.4937973
-122.4751587 -122.4751587
37.76860809 -122.4751587
-122.4751587 -122.4751587
37.76860809 -122.4751587
-122.4740601 -122.4740601
37.80001831 -122.4740601
-122.4412994 -122.4412994
37.73957062 -122.4412994
37.8051796 -122.4285507
-122.4285507 -122.4285507
37.76871872 -122.50103
-122.50103 -122.50103
-122.3916397 -122.3916397
37.71525955 -122.3916397
37.73957062 -122.4412994
-122.4412994 -122.4412994
-122.4979935 -122.4979935
37.76953125 -122.4979935
37.76860809 -122.4751587
-122.4751587 -122.4751587
37.8051796 -122.4285507
-122.4285507 -122.4285507
-122.418251 -122.418251
37.72076035 -122.418251
-122.4412994 -122.4412994
37.73957062 -122.4412994
-122.4549026 -122.4549026
37.75579071 -122.4549026
37.76860809 -122.4751587
-122.4751587 -122.4751587
-122.4818726 -122.4818726
37.76757813 -122.4818726
-122.4642563 -122.4642563
37.80413055 -122.4642563
-122.4841309 -122.4841309
37.76964951 -122.4841309
-122.4733963 -122.4733963
37.76755142 -122.4733963
-122.4840393 -122.4840393
37.80311966 -122.4840393
-122.4996033 -122.4996033
37.76753998 -122.4996033
37.73957062 -122.4412994
-122.4412994 -122.4412994
-122.4841309 -122.4841309
37.76964951 -122.4841309
-122.4555664 -122.4555664
37.79301834 -122.4555664
37.73957062 -122.4412994
-122.4412994 -122.4412994
37.73957062 -122.4412994
-122.4412994 -122.4412994
-122.4251022 -122.4251022
37.77524948 -122.4251022
