37.76755142 -122.4733963
-122.4733963 -122.4733963
37.76953125 -122.4979935
-122.4979935 -122.4979935
37.79603958 -122.4492111
-122.4492111 -122.4492111
-122.4285507 -122.4285507
37.8051796 -122.4285507
-122.5028381 -122.5028381
37.71876144 -122.5028381
37.76953125 -122.4979935
-122.4979935 -122.4979935
37.76953125 -122.4979935
-122.4979935 -122.4979935
-122.4412994 -122.4412994
37.73957062 -122.4412994
-122.4569626 -122.4569626
37.77267838 -122.4569626
-122.4713974 -122.4713974
37.76818848 -122.4713974
-122.4285507 -122.4285507
37.8051796 -122.4285507
-122.4285507 -122.4285507
37.8051796 -122.4285507
-122.4412994 -122.4412994
37.73957062 -122.4412994
-122.5090485 -122.5090485
37.78255081 -122.5090485
37.74639893 -122.4985886
-122.4985886 -122.4985886
-122.4713974 -122.4713974
37.76818848 -122.4713974
-122.4979935 -122.4979935
37.76953125 -122.4979935
37.76818848 -122.4713974
-122.4713974 -122.4713974
-122.4979935 -122.4979935
37.76953125 -122.4979935
-122.4850082 -122.4850082
37.73588181 -122.4850082
37.8051796 -122.4285507
-122.4285507 -122.4285507
37.76953125 -122.4979935
-122.4979935 -122.4979935
-122.4744263 -122.4744263
37.80131149 -122.4744263
37.79394913 -122.453331
-122.453331 -122.453331
37.73836899 -122.4533997
-122.4533997 -122.4533997
37.76964951 -122.4841309
-122.4841309 -122.4841309
-122.4666977 -122.4666977
37.76670074 -122.4666977
-122.4733963 -122.4733963
37.76755142 -122.4733963
-122.4979935 -122.4979935
37.76953125 -122.4979935
-122.4285507 -122.4285507
37.8051796 -122.4285507
37.76871872 -122.50103
-122.50103 -122.50103
-122.4979935 -122.4979935
37.76953125 -122.4979935
-122.50103 -122.50103
37.76871872 -122.50103
37.76473999 -122.4390182
-122.4390182 -122.4390182
37.73588181 -122.4850082
-122.4850082 -122.4850082
37.76964951 -122.4841309
-122.4841309 -122.4841309
37.77001953 -122.5028763
-122.5028763 -122.5028763
37.77001953 -122.5028763
-122.5028763 -122.5028763
-122.4285507 -122.4285507
37.8051796 -122.4285507
37.80606079 -122.4286194
-122.4286194 -122.4286194
37.79394913 -122.453331
-122.453331 -122.453331
-122.50103 -122.50103
37.76871872 -122.50103
37.76953125 -122.4979935
-122.4979935 -122.4979935
37.76953125 -122.4979935
-122.4979935 -122.4979935
-122.4390182 -122.4390182
37.76473999 -122.4390182
37.76953125 -122.4979935
-122.4979935 -122.4979935
37.76753998 -122.4996033
-122.4996033 -122.4996033
37.71525955 -122.3916397
-122.3916397 -122.3916397
37.73588181 -122.4850082
-122.4850082 -122.4850082
37.8051796 -122.4285507
-122.4285507 -122.4285507
-122.4841309 -122.4841309
37.76964951 -122.4841309
-122.4412994 -122.4412994
37.73957062 -122.4412994
37.7709198 -122.4743271
-122.4743271 -122.4743271
37.80606079 -122.4286194
-122.4286194 -122.4286194
37.76860809 -122.4751587
-122.4751587 -122.4751587
-122.4675217 -122.4675217
37.76921844 -122.4675217
-122.4285507 -122.4285507
37.8051796 -122.4285507
-122.4979935 -122.4979935
37.76953125 -122.4979935
37.80606079 -122.4286194
-122.4286194 -122.4286194
37.75957108 -122.4028778
-122.4028778 -122.4028778
-122.4751511 -122.4751511
37.76869965 -122.4751511
-122.50103 -122.50103
37.76871872 -122.50103
-122.4412994 -122.4412994
37.73957062 -122.4412994
-122.4412994 -122.4412994
37.73957062 -122.4412994
37.73957062 -122.4412994
-122.4412994 -122.4412994
-122.4733963 -122.4733963
37.76755142 -122.4733963
-122.4841309 -122.4841309
37.76964951 -122.4841309
37.76964951 -122.4841309
-122.4841309 -122.4841309
37.76860809 -122.4751587
-122.4751587 -122.4751587
-122.4533997 -122.4533997
37.73836899 -122.4533997
37.79603958 -122.4492111
-122.4492111 -122.4492111
37.76755142 -122.4733963
-122.4733963 -122.4733963
37.71876144 -122.5028381
-122.5028381 -122.5028381
-122.4408493 -122.4408493
37.73796844 -122.4408493
37.8051796 -122.4285507
-122.4285507 -122.4285507
-122.4841309 -122.4841309
37.76964951 -122.4841309
-122.4412994 -122.4412994
37.73957062 -122.4412994
-122.5028763 -122.5028763
37.77001953 -122.5028763
37.76964951 -122.4841309
-122.4841309 -122.4841309
-122.4412994 -122.4412994
37.73957062 -122.4412994
37.76860809 -122.4751587
-122.4751587 -122.4751587
-122.4285507 -122.4285507
37.8051796 -122.4285507
37.76818848 -122.4713974
-122.4713974 -122.4713974
37.76953125 -122.4979935
-122.4979935 -122.4979935
37.76871872 -122.50103
-122.50103 -122.50103
37.76871872 -122.50103
-122.50103 -122.50103
-122.4412994 -122.4412994
37.73957062 -122.4412994
-122.4412994 -122.4412994
37.73957062 -122.4412994
-122.4733963 -122.4733963
37.76755142 -122.4733963
-122.4751587 -122.4751587
37.76860809 -122.4751587
-122.4285507 -122.4285507
37.8051796 -122.4285507
-122.4979935 -122.4979935
37.76953125 -122.4979935
37.76871872 -122.50103
-122.50103 -122.50103
37.76953125 -122.4979935
-122.4979935 -122.4979935
-122.4713974 -122.4713974
37.76818848 -122.4713974
-122.4285507 -122.4285507
37.8051796 -122.4285507
-122.4733963 -122.4733963
37.76755142 -122.4733963
37.8051796 -122.4285507
-122.4285507 -122.4285507
-122.5083084 -122.5083084
37.76755905 -122.5083084
-122.4412994 -122.4412994
37.73957062 -122.4412994
37.76818848 -122.4713974
-122.4713974 -122.4713974
-122.4751587 -122.4751587
37.76860809 -122.4751587
37.73957062 -122.4412994
-122.4412994 -122.4412994
37.76953125 -122.4979935
-122.4979935 -122.4979935
-122.4850082 -122.4850082
37.73588181 -122.4850082
37.71876144 -122.5028381
-122.5028381 -122.5028381
-122.4996033 -122.4996033
37.76753998 -122.4996033
37.77267838 -122.4569626
-122.4569626 -122.4569626
-122.4412994 -122.4412994
37.73957062 -122.4412994
37.73957062 -122.4412994
-122.4412994 -122.4412994
37.76953125 -122.4979935
-122.4979935 -122.4979935
37.76953125 -122.4979935
-122.4979935 -122.4979935
-122.4285507 -122.4285507
37.8051796 -122.4285507
-122.4733963 -122.4733963
37.76755142 -122.4733963
37.79566956 -122.4492722
-122.4492722 -122.4492722
-122.4555664 -122.4555664
37.79301834 -122.4555664
-122.4412994 -122.4412994
37.73957062 -122.4412994
37.79301834 -122.4555664
-122.4555664 -122.4555664
37.8051796 -122.4285507
-122.4285507 -122.4285507
37.73580933 -122.4796982
-122.4796982 -122.4796982
-122.4285507 -122.4285507
37.8051796 -122.4285507
37.79603958 -122.4492111
-122.4492111 -122.4492111
37.76964951 -122.4841309
-122.4841309 -122.4841309
37.76860809 -122.4751587
-122.4751587 -122.4751587
37.74225998 -122.4866714
-122.4866714 -122.4866714
-122.4733963 -122.4733963
37.76755142 -122.4733963
37.73868179 -122.4419403
-122.4419403 -122.4419403
37.73957062 -122.4412994
-122.4412994 -122.4412994
-122.4841309 -122.4841309
37.76964951 -122.4841309
-122.3916397 -122.3916397
37.71525955 -122.3916397
-122.4841309 -122.4841309
37.76964951 -122.4841309
37.76953125 -122.4979935
-122.4979935 -122.4979935
-122.50103 -122.50103
37.76871872 -122.50103
37.71525955 -122.3916397
-122.3916397 -122.3916397
-122.4733963 -122.4733963
37.76755142 -122.4733963
-122.5116119 -122.5116119
37.78136826 -122.5116119
-122.5075607 -122.5075607
37.7673912 -122.5075607
-122.4740295 -122.4740295
37.7699585 -122.4740295
-122.4587402 -122.4587402
37.75133133 -122.4587402
-122.4412994 -122.4412994
37.73957062 -122.4412994
37.76753998 -122.4996033
-122.4996033 -122.4996033
-122.4737091 -122.4737091
37.79650879 -122.4737091
-122.4841309 -122.4841309
37.76964951 -122.4841309
-122.4286194 -122.4286194
37.80606079 -122.4286194
-122.4751587 -122.4751587
37.76860809 -122.4751587
-122.4751587 -122.4751587
37.76860809 -122.4751587
37.76860809 -122.4751587
-122.4751587 -122.4751587
37.71525955 -122.3916397
-122.3916397 -122.3916397
-122.4400864 -122.4400864
37.74528122 -122.4400864
-122.4587402 -122.4587402
37.75133133 -122.4587402
37.76953125 -122.4979935
-122.4979935 -122.4979935
-122.4285507 -122.4285507
37.8051796 -122.4285507
-122.4285507 -122.4285507
37.8051796 -122.4285507
-122.4412994 -122.4412994
37.73957062 -122.4412994
37.80001831 -122.4740601
-122.4740601 -122.4740601
-122.4475021 -122.4475021
37.75989151 -122.4475021
-122.4841309 -122.4841309
37.76964951 -122.4841309
-122.4996033 -122.4996033
37.76753998 -122.4996033
-122.4744263 -122.4744263
37.80131149 -122.4744263
-122.4748611 -122.4748611
37.7701683 -122.4748611
-122.4996033 -122.4996033
37.76753998 -122.4996033
-122.4587402 -122.4587402
37.75133133 -122.4587402
37.76753998 -122.4996033
-122.4996033 -122.4996033
-122.50103 -122.50103
37.76871872 -122.50103
37.8051796 -122.4285507
-122.4285507 -122.4285507
37.76860809 -122.4751587
-122.4751587 -122.4751587
-122.4285507 -122.4285507
37.8051796 -122.4285507
37.76860809 -122.4751587
-122.4751587 -122.4751587
-122.4587402 -122.4587402
37.75133133 -122.4587402
-122.4412994 -122.4412994
37.73957062 -122.4412994
-122.4979935 -122.4979935
37.76953125 -122.4979935
37.73957062 -122.4412994
-122.4412994 -122.4412994
-122.4412994 -122.4412994
37.73957062 -122.4412994
37.76953125 -122.4979935
-122.4979935 -122.4979935
-122.4412994 -122.4412994
37.73957062 -122.4412994
-122.3916397 -122.3916397
37.71525955 -122.3916397
-122.4733963 -122.4733963
37.76755142 -122.4733963
-122.4979935 -122.4979935
37.76953125 -122.4979935
37.76753998 -122.4996033
-122.4996033 -122.4996033
-122.4533691 -122.4533691
37.79682922 -122.4533691
-122.4412994 -122.4412994
37.73957062 -122.4412994
-122.4285507 -122.4285507
37.8051796 -122.4285507
37.76953125 -122.4979935
-122.4979935 -122.4979935
37.8051796 -122.4285507
-122.4285507 -122.4285507
-122.4412994 -122.4412994
37.73957062 -122.4412994
37.76871872 -122.50103
-122.50103 -122.50103
37.76871872 -122.50103
-122.50103 -122.50103
37.8051796 -122.4285507
-122.4285507 -122.4285507
-122.4285507 -122.4285507
37.8051796 -122.4285507
-122.4979935 -122.4979935
37.76953125 -122.4979935
-122.4412994 -122.4412994
37.73957062 -122.4412994
37.78844833 -122.4703369
-122.4703369 -122.4703369
37.76964951 -122.4841309
-122.4841309 -122.4841309
-122.4412994 -122.4412994
37.73957062 -122.4412994
-122.5028763 -122.5028763
37.77001953 -122.5028763
37.73957062 -122.4412994
-122.4412994 -122.4412994
37.76953125 -122.4979935
-122.4979935 -122.4979935
37.73957062 -122.4412994
-122.4412994 -122.4412994
-122.4285507 -122.4285507
37.8051796 -122.4285507
37.76755142 -122.4733963
-122.4733963 -122.4733963
37.76753998 -122.4996033
-122.4996033 -122.4996033
37.71876144 -122.5028381
-122.5028381 -122.5028381
37.76755142 -122.4733963
-122.4733963 -122.4733963
-122.50103 -122.50103
37.76871872 -122.50103
-122.4533997 -122.4533997
37.73836899 -122.4533997
-122.4285507 -122.4285507
37.8051796 -122.4285507
-122.4751587 -122.4751587
37.76860809 -122.4751587
37.71525955 -122.3916397
-122.3916397 -122.3916397
37.73957062 -122.4412994
-122.4412994 -122.4412994
-122.4979935 -122.4979935
37.76953125 -122.4979935
37.76473999 -122.4390182
-122.4390182 -122.4390182
37.76953125 -122.4979935
-122.4979935 -122.4979935
-122.4751587 -122.4751587
37.76860809 -122.4751587
37.76926041 -122.470047
-122.470047 -122.470047
-122.4408493 -122.4408493
37.73796844 -122.4408493
-122.4581604 -122.4581604
37.79241943 -122.4581604
-122.4412994 -122.4412994
37.73957062 -122.4412994
-122.4751587 -122.4751587
37.76860809 -122.4751587
-122.5028381 -122.5028381
37.71876144 -122.5028381
-122.4751587 -122.4751587
37.76860809 -122.4751587
-122.470047 -122.470047
37.76926041 -122.470047
37.76860809 -122.4751587
-122.4751587 -122.4751587
-122.4412994 -122.4412994
37.73957062 -122.4412994
37.73868179 -122.4419403
-122.4419403 -122.4419403
37.76691818 -122.4700928
-122.4700928 -122.4700928
37.76871872 -122.50103
-122.50103 -122.50103
37.71525955 -122.3916397
-122.3916397 -122.3916397
-122.4555664 -122.4555664
37.79301834 -122.4555664
-122.4412994 -122.4412994
37.73957062 -122.4412994
37.76953125 -122.4979935
-122.4979935 -122.4979935
37.76860809 -122.4751587
-122.4751587 -122.4751587
37.76860809 -122.4751587
-122.4751587 -122.4751587
37.71525955 -122.3916397
-122.3916397 -122.3916397
-122.4390182 -122.4390182
37.76473999 -122.4390182
37.76964951 -122.4841309
-122.4841309 -122.4841309
-122.50103 -122.50103
37.76871872 -122.50103
-122.4979935 -122.4979935
37.76953125 -122.4979935
-122.468811 -122.468811
37.76758957 -122.468811
-122.4412994 -122.4412994
37.73957062 -122.4412994
37.80001831 -122.4740601
-122.4740601 -122.4740601
37.76871872 -122.50103
-122.50103 -122.50103
-122.4412994 -122.4412994
37.73957062 -122.4412994
-122.4485931 -122.4485931
37.79946899 -122.4485931
37.76953125 -122.4979935
-122.4979935 -122.4979935
37.76753998 -122.4996033
-122.4996033 -122.4996033
-122.4285507 -122.4285507
37.8051796 -122.4285507
-122.4746017 -122.4746017
37.77058029 -122.4746017
37.76755142 -122.4733963
-122.4733963 -122.4733963
-122.4751587 -122.4751587
37.76860809 -122.4751587
-122.4569626 -122.4569626
37.77267838 -122.4569626
-122.4587402 -122.4587402
37.75133133 -122.4587402
-122.4850082 -122.4850082
37.73588181 -122.4850082
-122.4533997 -122.4533997
37.73836899 -122.4533997
37.75579071 -122.4549026
-122.4549026 -122.4549026
37.76755142 -122.4733963
-122.4733963 -122.4733963
-122.4533997 -122.4533997
37.73836899 -122.4533997
-122.4412994 -122.4412994
37.73957062 -122.4412994
-122.4412994 -122.4412994
37.73957062 -122.4412994
37.76964951 -122.4841309
-122.4841309 -122.4841309
37.8051796 -122.4285507
-122.4285507 -122.4285507
-122.5090485 -122.5090485
37.78255081 -122.5090485
37.76509094 -122.5084686
-122.5084686 -122.5084686
37.76871872 -122.50103
-122.50103 -122.50103
37.76818848 -122.4713974
-122.4713974 -122.4713974
37.79603958 -122.4492111
-122.4492111 -122.4492111
37.76860809 -122.4751587
-122.4751587 -122.4751587
37.76753998 -122.4996033
-122.4996033 -122.4996033
37.76964951 -122.4841309
-122.4841309 -122.4841309
37.73580933 -122.4796982
-122.4796982 -122.4796982
37.76856995 -122.4987335
-122.4987335 -122.4987335
37.80606079 -122.4286194
-122.4286194 -122.4286194
37.76871872 -122.50103
-122.50103 -122.50103
-122.4751587 -122.4751587
37.76860809 -122.4751587
37.8051796 -122.4285507
-122.4285507 -122.4285507
-122.4979935 -122.4979935
37.76953125 -122.4979935
37.77001953 -122.5028763
-122.5028763 -122.5028763
37.76953125 -122.4979935
-122.4979935 -122.4979935
-122.4419403 -122.4419403
37.73868179 -122.4419403
-122.4835663 -122.4835663
37.74982071 -122.4835663
37.76753998 -122.4996033
-122.4996033 -122.4996033
37.73957062 -122.4412994
-122.4412994 -122.4412994
37.73957062 -122.4412994
-122.4412994 -122.4412994
-122.4985123 -122.4985123
37.76844025 -122.4985123
-122.4713974 -122.4713974
37.76818848 -122.4713974
-122.50103 -122.50103
37.76871872 -122.50103
37.76871872 -122.50103
-122.50103 -122.50103
37.76818848 -122.4713974
-122.4713974 -122.4713974
37.75524139 -122.4514236
-122.4514236 -122.4514236
37.76110077 -122.4508209
-122.4508209 -122.4508209
-122.3916397 -122.3916397
37.71525955 -122.3916397
37.77774048 -122.5111008
-122.5111008 -122.5111008
-122.4979935 -122.4979935
37.76953125 -122.4979935
37.79241943 -122.4581604
-122.4581604 -122.4581604
37.73957062 -122.4412994
-122.4412994 -122.4412994
37.76753998 -122.4996033
-122.4996033 -122.4996033
-122.4979935 -122.4979935
37.76953125 -122.4979935
-122.4733963 -122.4733963
37.76755142 -122.4733963
-122.4285507 -122.4285507
37.8051796 -122.4285507
37.8051796 -122.4285507
-122.4285507 -122.4285507
37.7978096 -122.460907
-122.460907 -122.460907
-122.4733963 -122.4733963
37.76755142 -122.4733963
37.81914139 -122.3710403
-122.3710403 -122.3710403
-122.4751587 -122.4751587
37.76860809 -122.4751587
37.8051796 -122.4285507
-122.4285507 -122.4285507
37.8051796 -122.4285507
-122.4285507 -122.4285507
37.8051796 -122.4285507
-122.4285507 -122.4285507
-122.4587402 -122.4587402
37.75133133 -122.4587402
-122.4979935 -122.4979935
37.76953125 -122.4979935
-122.4285507 -122.4285507
37.8051796 -122.4285507
37.79566956 -122.4492722
-122.4492722 -122.4492722
-122.4841309 -122.4841309
37.76964951 -122.4841309
37.73957062 -122.4412994
-122.4412994 -122.4412994
-122.4751587 -122.4751587
37.76860809 -122.4751587
-122.4412994 -122.4412994
37.73957062 -122.4412994
37.8051796 -122.4285507
-122.4285507 -122.4285507
37.8051796 -122.4285507
-122.4285507 -122.4285507
-122.4412994 -122.4412994
37.73957062 -122.4412994
-122.4676285 -122.4676285
37.76895142 -122.4676285
-122.4286194 -122.4286194
37.80606079 -122.4286194
-122.4415131 -122.4415131
37.73923111 -122.4415131
-122.4713974 -122.4713974
37.76818848 -122.4713974
-122.4733963 -122.4733963
37.76755142 -122.4733963
37.76871872 -122.50103
-122.50103 -122.50103
37.8051796 -122.4285507
-122.4285507 -122.4285507
-122.4979935 -122.4979935
37.76953125 -122.4979935
-122.4737167 -122.4737167
37.79904938 -122.4737167
37.76860809 -122.4751587
-122.4751587 -122.4751587
37.73836899 -122.4533997
-122.4533997 -122.4533997
37.76755142 -122.4733963
-122.4733963 -122.4733963
-122.4751587 -122.4751587
37.76860809 -122.4751587
37.76818848 -122.4713974
-122.4713974 -122.4713974
37.76758957 -122.468811
-122.468811 -122.468811
-122.4492111 -122.4492111
37.79603958 -122.4492111
-122.4533997 -122.4533997
37.73836899 -122.4533997
37.77774048 -122.5111008
-122.5111008 -122.5111008
-122.5028763 -122.5028763
37.77001953 -122.5028763
37.76818848 -122.4713974
-122.4713974 -122.4713974
-122.453331 -122.453331
37.79394913 -122.453331
-122.4581604 -122.4581604
37.79241943 -122.4581604
-122.4559784 -122.4559784
37.75865936 -122.4559784
37.73321915 -122.5032501
-122.5032501 -122.5032501
-122.4533997 -122.4533997
37.73836899 -122.4533997
37.76953125 -122.4979935
-122.4979935 -122.4979935
-122.4285507 -122.4285507
37.8051796 -122.4285507
-122.4979935 -122.4979935
37.76953125 -122.4979935
-122.4841309 -122.4841309
37.76964951 -122.4841309
