-122.4569626 -122.4569626
37.77267838 -122.4569626
-122.4412994 -122.4412994
37.73957062 -122.4412994
-122.5032501 -122.5032501
37.73321915 -122.5032501
-122.4412994 -122.4412994
37.73957062 -122.4412994
37.76953125 -122.4979935
-122.4979935 -122.4979935
37.8051796 -122.4285507
-122.4285507 -122.4285507
-122.4997864 -122.4997864
37.76765823 -122.4997864
-122.4485931 -122.4485931
37.79946899 -122.4485931
-122.4751587 -122.4751587
37.76860809 -122.4751587
37.73836899 -122.4533997
-122.4533997 -122.4533997
-122.4751587 -122.4751587
37.76860809 -122.4751587
37.73957062 -122.4412994
-122.4412994 -122.4412994
37.76860809 -122.4751587
-122.4751587 -122.4751587
37.8051796 -122.4285507
-122.4285507 -122.4285507
-122.4713974 -122.4713974
37.76818848 -122.4713974
-122.4533691 -122.4533691
37.79682922 -122.4533691
-122.4412994 -122.4412994
37.73957062 -122.4412994
-122.50103 -122.50103
37.76871872 -122.50103
-122.5116119 -122.5116119
37.78136826 -122.5116119
-122.4733963 -122.4733963
37.76755142 -122.4733963
-122.4751587 -122.4751587
37.76860809 -122.4751587
-122.4285507 -122.4285507
37.8051796 -122.4285507
-122.50103 -122.50103
37.76871872 -122.50103
-122.4979935 -122.4979935
37.76953125 -122.4979935
37.76953125 -122.4979935
-122.4979935 -122.4979935
37.73836899 -122.4533997
-122.4533997 -122.4533997
-122.4751587 -122.4751587
37.76860809 -122.4751587
-122.4412994 -122.4412994
37.73957062 -122.4412994
37.76964951 -122.4841309
-122.4841309 -122.4841309
37.76860809 -122.4751587
-122.4751587 -122.4751587
-122.4492722 -122.4492722
37.79566956 -122.4492722
-122.4751587 -122.4751587
37.76860809 -122.4751587
37.73957062 -122.4412994
-122.4412994 -122.4412994
-122.4492111 -122.4492111
37.79603958 -122.4492111
-122.4733963 -122.4733963
37.76755142 -122.4733963
37.76964951 -122.4841309
-122.4841309 -122.4841309
37.80606079 -122.4286194
-122.4286194 -122.4286194
-122.4412994 -122.4412994
37.73957062 -122.4412994
37.75133133 -122.4587402
-122.4587402 -122.4587402
37.73588181 -122.4850082
-122.4850082 -122.4850082
-122.4285507 -122.4285507
37.8051796 -122.4285507
37.76953125 -122.4979935
-122.4979935 -122.4979935
37.76953125 -122.4979935
-122.4979935 -122.4979935
-122.4721909 -122.4721909
37.80591965 -122.4721909
37.76860809 -122.4751587
-122.4751587 -122.4751587
-122.4997864 -122.4997864
37.76765823 -122.4997864
-122.4979935 -122.4979935
37.76953125 -122.4979935
-122.50103 -122.50103
37.76871872 -122.50103
37.8051796 -122.4285507
-122.4285507 -122.4285507
-122.5090485 -122.5090485
37.78255081 -122.5090485
-122.4751587 -122.4751587
37.76860809 -122.4751587
-122.4751587 -122.4751587
37.76860809 -122.4751587
-122.4841309 -122.4841309
37.76964951 -122.4841309
37.80759048 -122.4278107
-122.4278107 -122.4278107
-122.4412994 -122.4412994
37.73957062 -122.4412994
37.73957062 -122.4412994
-122.4412994 -122.4412994
37.8051796 -122.4285507
-122.4285507 -122.4285507
37.8051796 -122.4285507
-122.4285507 -122.4285507
-122.4587402 -122.4587402
37.75133133 -122.4587402
-122.4569626 -122.4569626
37.77267838 -122.4569626
-122.4285507 -122.4285507
37.8051796 -122.4285507
37.79603958 -122.4492111
-122.4492111 -122.4492111
-122.4412994 -122.4412994
37.73957062 -122.4412994
37.76765823 -122.4997864
-122.4997864 -122.4997864
37.73957062 -122.4412994
-122.4412994 -122.4412994
-122.4412994 -122.4412994
37.73957062 -122.4412994
37.76871872 -122.50103
-122.50103 -122.50103
-122.50103 -122.50103
37.76871872 -122.50103
-122.4533997 -122.4533997
37.73836899 -122.4533997
37.80759048 -122.4278107
-122.4278107 -122.4278107
37.76755142 -122.4733963
-122.4733963 -122.4733963
-122.4412994 -122.4412994
37.73957062 -122.4412994
37.79241943 -122.4581604
-122.4581604 -122.4581604
-122.4492111 -122.4492111
37.79603958 -122.4492111
-122.4733963 -122.4733963
37.76755142 -122.4733963
-122.4587402 -122.4587402
37.75133133 -122.4587402
-122.4285507 -122.4285507
37.8051796 -122.4285507
37.76765823 -122.4997864
-122.4997864 -122.4997864
37.78255081 -122.5090485
-122.5090485 -122.5090485
-122.4412994 -122.4412994
37.73957062 -122.4412994
-122.4979935 -122.4979935
37.76953125 -122.4979935
37.76871872 -122.50103
-122.50103 -122.50103
37.79566956 -122.4492722
-122.4492722 -122.4492722
-122.4285507 -122.4285507
37.8051796 -122.4285507
-122.4412994 -122.4412994
37.73957062 -122.4412994
-122.4996033 -122.4996033
37.76753998 -122.4996033
37.76860809 -122.4751587
-122.4751587 -122.4751587
37.79566956 -122.4492722
-122.4492722 -122.4492722
37.76755142 -122.4733963
-122.4733963 -122.4733963
37.76953125 -122.4979935
-122.4979935 -122.4979935
-122.4733963 -122.4733963
37.76755142 -122.4733963
37.8051796 -122.4285507
-122.4285507 -122.4285507
-122.4412994 -122.4412994
37.73957062 -122.4412994
-122.4751587 -122.4751587
37.76860809 -122.4751587
-122.4713974 -122.4713974
37.76818848 -122.4713974
-122.5075607 -122.5075607
37.7673912 -122.5075607
-122.3916397 -122.3916397
37.71525955 -122.3916397
37.8051796 -122.4285507
-122.4285507 -122.4285507
37.8051796 -122.4285507
-122.4285507 -122.4285507
37.73868179 -122.4419403
-122.4419403 -122.4419403
-122.4412994 -122.4412994
37.73957062 -122.4412994
-122.4278107 -122.4278107
37.80759048 -122.4278107
-122.3916397 -122.3916397
37.71525955 -122.3916397
37.79241943 -122.4581604
-122.4581604 -122.4581604
-122.4285507 -122.4285507
37.8051796 -122.4285507
37.76753998 -122.4996033
-122.4996033 -122.4996033
37.76860809 -122.4751587
-122.4751587 -122.4751587
-122.4841309 -122.4841309
37.76964951 -122.4841309
-122.4721375 -122.4721375
37.80603027 -122.4721375
-122.4285507 -122.4285507
37.8051796 -122.4285507
37.76953125 -122.4979935
-122.4979935 -122.4979935
-122.4841309 -122.4841309
37.76964951 -122.4841309
37.76953125 -122.4979935
-122.4979935 -122.4979935
37.76964951 -122.4841309
-122.4841309 -122.4841309
37.76871872 -122.50103
-122.50103 -122.50103
-122.50103 -122.50103
37.76871872 -122.50103
37.8051796 -122.4285507
-122.4285507 -122.4285507
-122.4412994 -122.4412994
37.73957062 -122.4412994
-122.4286194 -122.4286194
37.80606079 -122.4286194
-122.3916397 -122.3916397
37.71525955 -122.3916397
-122.5111008 -122.5111008
37.77774048 -122.5111008
37.76953125 -122.4979935
-122.4979935 -122.4979935
-122.4285507 -122.4285507
37.8051796 -122.4285507
-122.4713974 -122.4713974
37.76818848 -122.4713974
-122.4757767 -122.4757767
37.79682922 -122.4757767
37.76871872 -122.50103
-122.50103 -122.50103
37.76755142 -122.4733963
-122.4733963 -122.4733963
-122.4533997 -122.4533997
37.73836899 -122.4533997
-122.453331 -122.453331
37.79394913 -122.453331
-122.4412994 -122.4412994
37.73957062 -122.4412994
-122.4613495 -122.4613495
37.7695694 -122.4613495
-122.4996033 -122.4996033
37.76753998 -122.4996033
37.76964951 -122.4841309
-122.4841309 -122.4841309
-122.4533997 -122.4533997
37.73836899 -122.4533997
37.76964951 -122.4841309
-122.4841309 -122.4841309
37.8051796 -122.4285507
-122.4285507 -122.4285507
37.76953125 -122.4979935
-122.4979935 -122.4979935
37.79668045 -122.4756088
-122.4756088 -122.4756088
-122.4492111 -122.4492111
37.79603958 -122.4492111
-122.4979935 -122.4979935
37.76953125 -122.4979935
-122.4996033 -122.4996033
37.76753998 -122.4996033
37.73957062 -122.4412994
-122.4412994 -122.4412994
37.76871872 -122.50103
-122.50103 -122.50103
37.76818848 -122.4713974
-122.4713974 -122.4713974
-122.50103 -122.50103
37.76871872 -122.50103
37.76953125 -122.4979935
-122.4979935 -122.4979935
-122.4751587 -122.4751587
37.76860809 -122.4751587
37.76818848 -122.4713974
-122.4713974 -122.4713974
-122.453331 -122.453331
37.79394913 -122.453331
37.8051796 -122.4285507
-122.4285507 -122.4285507
-122.4756088 -122.4756088
37.79668045 -122.4756088
-122.4514236 -122.4514236
37.75524139 -122.4514236
37.73957062 -122.4412994
-122.4412994 -122.4412994
-122.4286194 -122.4286194
37.80606079 -122.4286194
37.73957062 -122.4412994
-122.4412994 -122.4412994
37.8051796 -122.4285507
-122.4285507 -122.4285507
-122.50103 -122.50103
37.76871872 -122.50103
37.77774048 -122.5111008
-122.5111008 -122.5111008
37.76753998 -122.4996033
-122.4996033 -122.4996033
37.8051796 -122.4285507
-122.4285507 -122.4285507
37.76953125 -122.4979935
-122.4979935 -122.4979935
-122.4979935 -122.4979935
37.76953125 -122.4979935
37.8051796 -122.4285507
-122.4285507 -122.4285507
-122.4733963 -122.4733963
37.76755142 -122.4733963
37.80606079 -122.4286194
-122.4286194 -122.4286194
37.76953125 -122.4979935
-122.4979935 -122.4979935
-122.4751587 -122.4751587
37.76860809 -122.4751587
37.76871872 -122.50103
-122.50103 -122.50103
-122.4841309 -122.4841309
37.76964951 -122.4841309
37.76473999 -122.4390182
-122.4390182 -122.4390182
37.76860809 -122.4751587
-122.4751587 -122.4751587
37.8051796 -122.4285507
-122.4285507 -122.4285507
-122.4492111 -122.4492111
37.79603958 -122.4492111
-122.4751968 -122.4751968
37.76942825 -122.4751968
-122.4419403 -122.4419403
37.73868179 -122.4419403
37.76818848 -122.4713974
-122.4713974 -122.4713974
37.76895142 -122.4676285
-122.4676285 -122.4676285
-122.4996033 -122.4996033
37.76753998 -122.4996033
37.76755142 -122.4733963
-122.4733963 -122.4733963
37.73836899 -122.4533997
-122.4533997 -122.4533997
-122.4751587 -122.4751587
37.76860809 -122.4751587
37.76953125 -122.4979935
-122.4979935 -122.4979935
37.8051796 -122.4285507
-122.4285507 -122.4285507
-122.4751587 -122.4751587
37.76860809 -122.4751587
-122.4841309 -122.4841309
37.76964951 -122.4841309
-122.4996033 -122.4996033
37.76753998 -122.4996033
37.80606079 -122.4286194
-122.4286194 -122.4286194
37.76953125 -122.4979935
-122.4979935 -122.4979935
-122.4841309 -122.4841309
37.76964951 -122.4841309
-122.5028381 -122.5028381
37.71876144 -122.5028381
-122.4581604 -122.4581604
37.79241943 -122.4581604
37.76964951 -122.4841309
-122.4841309 -122.4841309
-122.50103 -122.50103
37.76871872 -122.50103
37.76953125 -122.4979935
-122.4979935 -122.4979935
-122.4285507 -122.4285507
37.8051796 -122.4285507
37.74225998 -122.4866714
-122.4866714 -122.4866714
37.76755142 -122.4733963
-122.4733963 -122.4733963
37.76953125 -122.4979935
-122.4979935 -122.4979935
37.76953125 -122.4979935
-122.4979935 -122.4979935
37.76473999 -122.4390182
-122.4390182 -122.4390182
-122.460907 -122.460907
37.7978096 -122.460907
37.73957062 -122.4412994
-122.4412994 -122.4412994
37.79394913 -122.453331
-122.453331 -122.453331
-122.4492722 -122.4492722
37.79566956 -122.4492722
37.73923111 -122.4415131
-122.4415131 -122.4415131
-122.4713974 -122.4713974
37.76818848 -122.4713974
-122.5028381 -122.5028381
37.71876144 -122.5028381
-122.4587402 -122.4587402
37.75133133 -122.4587402
-122.4751587 -122.4751587
37.76860809 -122.4751587
37.73957062 -122.4412994
-122.4412994 -122.4412994
-122.4675217 -122.4675217
37.76921844 -122.4675217
37.73957062 -122.4412994
-122.4412994 -122.4412994
37.76755905 -122.5083084
-122.5083084 -122.5083084
-122.4841309 -122.4841309
37.76964951 -122.4841309
-122.4286194 -122.4286194
37.80606079 -122.4286194
-122.4278107 -122.4278107
37.80759048 -122.4278107
37.8051796 -122.4285507
-122.4285507 -122.4285507
37.76509094 -122.5084686
-122.5084686 -122.5084686
37.73957062 -122.4412994
-122.4412994 -122.4412994
37.76753998 -122.4996033
-122.4996033 -122.4996033
-122.4412994 -122.4412994
37.73957062 -122.4412994
-122.4751587 -122.4751587
37.76860809 -122.4751587
37.77001953 -122.5028763
-122.5028763 -122.5028763
37.75133133 -122.4587402
-122.4587402 -122.4587402
37.76860809 -122.4751587
-122.4751587 -122.4751587
-122.4533997 -122.4533997
37.73836899 -122.4533997
-122.4733963 -122.4733963
37.76755142 -122.4733963
37.76953125 -122.4979935
-122.4979935 -122.4979935
-122.4412994 -122.4412994
37.73957062 -122.4412994
37.75133133 -122.4587402
-122.4587402 -122.4587402
37.76953125 -122.4979935
-122.4979935 -122.4979935
-122.50103 -122.50103
37.76871872 -122.50103
37.76818848 -122.4713974
-122.4713974 -122.4713974
-122.4996033 -122.4996033
37.76753998 -122.4996033
37.76818848 -122.4713974
-122.4713974 -122.4713974
37.76860809 -122.4751587
-122.4751587 -122.4751587
37.79867172 -122.4722366
-122.4722366 -122.4722366
-122.4028778 -122.4028778
37.75957108 -122.4028778
-122.4733963 -122.4733963
37.76755142 -122.4733963
37.76755142 -122.4733963
-122.4733963 -122.4733963
37.76755142 -122.4733963
-122.4733963 -122.4733963
-122.50103 -122.50103
37.76871872 -122.50103
-122.4979935 -122.4979935
37.76953125 -122.4979935
37.77267838 -122.4569626
-122.4569626 -122.4569626
-122.4713974 -122.4713974
37.76818848 -122.4713974
37.76473999 -122.4390182
-122.4390182 -122.4390182
-122.4285507 -122.4285507
37.8051796 -122.4285507
37.76953125 -122.4979935
-122.4979935 -122.4979935
37.76953125 -122.4979935
-122.4979935 -122.4979935
37.8051796 -122.4285507
-122.4285507 -122.4285507
37.76860809 -122.4751587
-122.4751587 -122.4751587
-122.4751587 -122.4751587
37.76860809 -122.4751587
37.73957062 -122.4412994
-122.4412994 -122.4412994
-122.4979935 -122.4979935
37.76953125 -122.4979935
-122.4841309 -122.4841309
37.76964951 -122.4841309
37.73957062 -122.4412994
-122.4412994 -122.4412994
-122.4508209 -122.4508209
37.76110077 -122.4508209
-122.4533997 -122.4533997
37.73836899 -122.4533997
-122.4713974 -122.4713974
37.76818848 -122.4713974
37.75989151 -122.4475021
-122.4475021 -122.4475021
-122.4412994 -122.4412994
37.73957062 -122.4412994
-122.4285507 -122.4285507
37.8051796 -122.4285507
37.73868179 -122.4419403
-122.4419403 -122.4419403
-122.4996033 -122.4996033
37.76753998 -122.4996033
