37.79867172 -122.4722366
-122.4722366 -122.4722366
-122.4769974 -122.4769974
37.7700882 -122.4769974
-122.4751587 -122.4751587
37.76860809 -122.4751587
-122.4979935 -122.4979935
37.76953125 -122.4979935
37.76964951 -122.4841309
-122.4841309 -122.4841309
-122.4979935 -122.4979935
37.76953125 -122.4979935
37.79520035 -122.462883
-122.462883 -122.462883
-122.4751587 -122.4751587
37.76860809 -122.4751587
37.73957062 -122.4412994
-122.4412994 -122.4412994
-122.4285507 -122.4285507
37.8051796 -122.4285507
37.8051796 -122.4285507
-122.4285507 -122.4285507
37.73957062 -122.4412994
-122.4412994 -122.4412994
37.73957062 -122.4412994
-122.4412994 -122.4412994
37.73836899 -122.4533997
-122.4533997 -122.4533997
37.76871872 -122.50103
-122.50103 -122.50103
37.76765823 -122.4997864
-122.4997864 -122.4997864
37.71007919 -122.381073
-122.381073 -122.381073
-122.4285507 -122.4285507
37.8051796 -122.4285507
37.73836899 -122.4533997
-122.4533997 -122.4533997
-122.4412994 -122.4412994
37.73957062 -122.4412994
37.76757813 -122.4818726
-122.4818726 -122.4818726
-122.4979935 -122.4979935
37.76953125 -122.4979935
37.76964951 -122.4841309
-122.4841309 -122.4841309
37.76871872 -122.50103
-122.50103 -122.50103
37.76755142 -122.4733963
-122.4733963 -122.4733963
-122.4733963 -122.4733963
37.76755142 -122.4733963
-122.4979935 -122.4979935
37.76953125 -122.4979935
-122.4751587 -122.4751587
37.76860809 -122.4751587
37.76887131 -122.4260864
-122.4260864 -122.4260864
-122.4979935 -122.4979935
37.76953125 -122.4979935
37.71525955 -122.3916397
-122.3916397 -122.3916397
-122.4285507 -122.4285507
37.8051796 -122.4285507
37.71525955 -122.3916397
-122.3916397 -122.3916397
-122.4733963 -122.4733963
37.76755142 -122.4733963
37.76860809 -122.4751587
-122.4751587 -122.4751587
37.76953125 -122.4979935
-122.4979935 -122.4979935
-122.4979935 -122.4979935
37.76953125 -122.4979935
-122.4683685 -122.4683685
37.77082062 -122.4683685
-122.4533997 -122.4533997
37.73836899 -122.4533997
-122.4190826 -122.4190826
37.77492905 -122.4190826
-122.4285507 -122.4285507
37.8051796 -122.4285507
-122.4533997 -122.4533997
37.73836899 -122.4533997
-122.4733963 -122.4733963
37.76755142 -122.4733963
-122.4285507 -122.4285507
37.8051796 -122.4285507
37.8051796 -122.4285507
-122.4285507 -122.4285507
-122.4979935 -122.4979935
37.76953125 -122.4979935
37.76964951 -122.4841309
-122.4841309 -122.4841309
37.76755142 -122.4733963
-122.4733963 -122.4733963
37.8051796 -122.4285507
-122.4285507 -122.4285507
37.76953125 -122.4979935
-122.4979935 -122.4979935
-122.381073 -122.381073
37.71007919 -122.381073
37.73957062 -122.4412994
-122.4412994 -122.4412994
37.73836899 -122.4533997
-122.4533997 -122.4533997
-122.4979935 -122.4979935
37.76953125 -122.4979935
-122.4412994 -122.4412994
37.73957062 -122.4412994
37.80603027 -122.4721375
-122.4721375 -122.4721375
-122.4285507 -122.4285507
37.8051796 -122.4285507
-122.4533997 -122.4533997
37.73836899 -122.4533997
-122.4979935 -122.4979935
37.76953125 -122.4979935
37.73836899 -122.4533997
-122.4533997 -122.4533997
37.80598068 -122.4268723
-122.4268723 -122.4268723
-122.4412994 -122.4412994
37.73957062 -122.4412994
37.71699142 -122.5001221
-122.5001221 -122.5001221
37.76964951 -122.4841309
-122.4841309 -122.4841309
37.73836899 -122.4533997
-122.4533997 -122.4533997
37.76755142 -122.4733963
-122.4733963 -122.4733963
-122.4997864 -122.4997864
37.76765823 -122.4997864
37.77070999 -122.4818115
-122.4818115 -122.4818115
-122.4818115 -122.4818115
37.77070999 -122.4818115
-122.4285507 -122.4285507
37.8051796 -122.4285507
37.76725006 -122.4679489
-122.4679489 -122.4679489
37.79520035 -122.462883
-122.462883 -122.462883
-122.4492722 -122.4492722
37.79566956 -122.4492722
-122.4751587 -122.4751587
37.76860809 -122.4751587
-122.4132919 -122.4132919
37.74293137 -122.4132919
37.71525955 -122.3916397
-122.3916397 -122.3916397
-122.4533997 -122.4533997
37.73836899 -122.4533997
-122.4733963 -122.4733963
37.76755142 -122.4733963
37.76755142 -122.4733963
-122.4733963 -122.4733963
37.76725006 -122.4679489
-122.4679489 -122.4679489
-122.4255219 -122.4255219
37.76401138 -122.4255219
-122.4979935 -122.4979935
37.76953125 -122.4979935
-122.4412994 -122.4412994
37.73957062 -122.4412994
37.77088165 -122.4638138
-122.4638138 -122.4638138
-122.4638138 -122.4638138
37.77088165 -122.4638138
-122.4979935 -122.4979935
37.76953125 -122.4979935
-122.3916397 -122.3916397
37.71525955 -122.3916397
37.76871872 -122.50103
-122.50103 -122.50103
-122.4841309 -122.4841309
37.76964951 -122.4841309
37.73957062 -122.4412994
-122.4412994 -122.4412994
37.71007919 -122.381073
-122.381073 -122.381073
-122.4997864 -122.4997864
37.76765823 -122.4997864
-122.4841309 -122.4841309
37.76964951 -122.4841309
-122.4251022 -122.4251022
37.77524948 -122.4251022
-122.381073 -122.381073
37.71007919 -122.381073
37.71525955 -122.3916397
-122.3916397 -122.3916397
-122.4412994 -122.4412994
37.73957062 -122.4412994
37.76755142 -122.4733963
-122.4733963 -122.4733963
-122.5 -122.5
37.76599884 -122.5
-122.4285507 -122.4285507
37.8051796 -122.4285507
37.76757813 -122.4818726
-122.4818726 -122.4818726
-122.4285507 -122.4285507
37.8051796 -122.4285507
37.73957062 -122.4412994
-122.4412994 -122.4412994
37.80717087 -122.4247284
-122.4247284 -122.4247284
37.71007919 -122.381073
-122.381073 -122.381073
37.80027008 -122.4628601
-122.4628601 -122.4628601
-122.50103 -122.50103
37.76871872 -122.50103
-122.4757767 -122.4757767
37.79682922 -122.4757767
-122.4285507 -122.4285507
37.8051796 -122.4285507
37.76953125 -122.4979935
-122.4979935 -122.4979935
-122.4285507 -122.4285507
37.8051796 -122.4285507
-122.4751587 -122.4751587
37.76860809 -122.4751587
-122.4492722 -122.4492722
37.79566956 -122.4492722
-122.4733963 -122.4733963
37.76755142 -122.4733963
37.76953125 -122.4979935
-122.4979935 -122.4979935
37.73957062 -122.4412994
-122.4412994 -122.4412994
-122.4412994 -122.4412994
37.73957062 -122.4412994
-122.4683685 -122.4683685
37.77082062 -122.4683685
37.79566956 -122.4492722
-122.4492722 -122.4492722
-122.4412994 -122.4412994
37.73957062 -122.4412994
-122.4751587 -122.4751587
37.76860809 -122.4751587
37.73957062 -122.4412994
-122.4412994 -122.4412994
-122.3916397 -122.3916397
37.71525955 -122.3916397
-122.4624176 -122.4624176
37.76826096 -122.4624176
37.73957062 -122.4412994
-122.4412994 -122.4412994
37.76755142 -122.4733963
-122.4733963 -122.4733963
37.76871872 -122.50103
-122.50103 -122.50103
37.76860809 -122.4751587
-122.4751587 -122.4751587
-122.4412994 -122.4412994
37.73957062 -122.4412994
37.76755142 -122.4733963
-122.4733963 -122.4733963
-122.3916397 -122.3916397
37.71525955 -122.3916397
37.73957062 -122.4412994
-122.4412994 -122.4412994
37.73957062 -122.4412994
-122.4412994 -122.4412994
37.73957062 -122.4412994
-122.4412994 -122.4412994
-122.4492722 -122.4492722
37.79566956 -122.4492722
-122.4751587 -122.4751587
37.76860809 -122.4751587
-122.4733963 -122.4733963
37.76755142 -122.4733963
37.73957062 -122.4412994
-122.4412994 -122.4412994
-122.4492722 -122.4492722
37.79566956 -122.4492722
-122.50103 -122.50103
37.76871872 -122.50103
-122.4285507 -122.4285507
37.8051796 -122.4285507
-122.4624176 -122.4624176
37.76826096 -122.4624176
-122.4412994 -122.4412994
37.73957062 -122.4412994
-122.4638138 -122.4638138
37.77088165 -122.4638138
-122.4412994 -122.4412994
37.73957062 -122.4412994
-122.4492722 -122.4492722
37.79566956 -122.4492722
-122.4613495 -122.4613495
37.7695694 -122.4613495
-122.4979935 -122.4979935
37.76953125 -122.4979935
37.71007919 -122.381073
-122.381073 -122.381073
37.76755142 -122.4733963
-122.4733963 -122.4733963
-122.4412994 -122.4412994
37.73957062 -122.4412994
37.80591965 -122.4721909
-122.4721909 -122.4721909
37.71525955 -122.3916397
-122.3916397 -122.3916397
37.76871872 -122.50103
-122.50103 -122.50103
-122.4757767 -122.4757767
37.79682922 -122.4757767
37.76755142 -122.4733963
-122.4733963 -122.4733963
-122.4841309 -122.4841309
37.76964951 -122.4841309
37.73957062 -122.4412994
-122.4412994 -122.4412994
-122.4979935 -122.4979935
37.76953125 -122.4979935
-122.4841309 -122.4841309
37.76964951 -122.4841309
37.8051796 -122.4285507
-122.4285507 -122.4285507
37.76942825 -122.4751968
-122.4751968 -122.4751968
37.76871872 -122.50103
-122.50103 -122.50103
-122.4997864 -122.4997864
37.76765823 -122.4997864
-122.4751587 -122.4751587
37.76860809 -122.4751587
-122.4533997 -122.4533997
37.73836899 -122.4533997
37.77088165 -122.4638138
-122.4638138 -122.4638138
37.76860809 -122.4751587
-122.4751587 -122.4751587
37.79668045 -122.4756088
-122.4756088 -122.4756088
-122.4713974 -122.4713974
37.76818848 -122.4713974
37.76755142 -122.4733963
-122.4733963 -122.4733963
37.72076035 -122.418251
-122.418251 -122.418251
37.73957062 -122.4412994
-122.4412994 -122.4412994
37.76871872 -122.50103
-122.50103 -122.50103
-122.4841309 -122.4841309
37.76964951 -122.4841309
37.76818848 -122.4713974
-122.4713974 -122.4713974
-122.499939 -122.499939
37.78504944 -122.499939
37.76964951 -122.4841309
-122.4841309 -122.4841309
37.76871872 -122.50103
-122.50103 -122.50103
37.73957062 -122.4412994
-122.4412994 -122.4412994
37.76755142 -122.4733963
-122.4733963 -122.4733963
-122.4979935 -122.4979935
37.76953125 -122.4979935
37.76860809 -122.4751587
-122.4751587 -122.4751587
-122.4412994 -122.4412994
37.73957062 -122.4412994
37.8051796 -122.4285507
-122.4285507 -122.4285507
-122.4285507 -122.4285507
37.8051796 -122.4285507
37.76755142 -122.4733963
-122.4733963 -122.4733963
37.8051796 -122.4285507
-122.4285507 -122.4285507
37.77082062 -122.4683685
-122.4683685 -122.4683685
37.8051796 -122.4285507
-122.4285507 -122.4285507
37.76964951 -122.4841309
-122.4841309 -122.4841309
37.76860809 -122.4751587
-122.4751587 -122.4751587
-122.50103 -122.50103
37.76871872 -122.50103
37.8051796 -122.4285507
-122.4285507 -122.4285507
37.76860809 -122.4751587
-122.4751587 -122.4751587
-122.4533997 -122.4533997
37.73836899 -122.4533997
-122.4412994 -122.4412994
37.73957062 -122.4412994
37.8051796 -122.4285507
-122.4285507 -122.4285507
-122.4412994 -122.4412994
37.73957062 -122.4412994
-122.462883 -122.462883
37.79520035 -122.462883
37.73836899 -122.4533997
-122.4533997 -122.4533997
37.76964951 -122.4841309
-122.4841309 -122.4841309
37.77070999 -122.4818115
-122.4818115 -122.4818115
-122.4979935 -122.4979935
37.76953125 -122.4979935
37.76953125 -122.4979935
-122.4979935 -122.4979935
-122.4751587 -122.4751587
37.76860809 -122.4751587
-122.4624176 -122.4624176
37.76826096 -122.4624176
-122.4251022 -122.4251022
37.77524948 -122.4251022
37.76953125 -122.4979935
-122.4979935 -122.4979935
-122.4764328 -122.4764328
37.7690506 -122.4764328
37.73957062 -122.4412994
-122.4412994 -122.4412994
37.7700882 -122.4769974
-122.4769974 -122.4769974
37.76860809 -122.4751587
-122.4751587 -122.4751587
-122.50103 -122.50103
37.76871872 -122.50103
37.73957062 -122.4412994
-122.4412994 -122.4412994
-122.4979935 -122.4979935
37.76953125 -122.4979935
-122.4756088 -122.4756088
37.79668045 -122.4756088
-122.4979935 -122.4979935
37.76953125 -122.4979935
37.8051796 -122.4285507
-122.4285507 -122.4285507
37.76755142 -122.4733963
-122.4733963 -122.4733963
-122.4979935 -122.4979935
37.76953125 -122.4979935
37.73957062 -122.4412994
-122.4412994 -122.4412994
-122.4412994 -122.4412994
37.73957062 -122.4412994
-122.4492722 -122.4492722
37.79566956 -122.4492722
-122.4412994 -122.4412994
37.73957062 -122.4412994
37.74293137 -122.4132919
-122.4132919 -122.4132919
-122.4412994 -122.4412994
37.73957062 -122.4412994
37.8051796 -122.4285507
-122.4285507 -122.4285507
